8
4
4

1 2 18 4.2
1 3 7 0.7
1 4 19 23.1
1 5 15 14.4
1 6 19 17.4
1 7 15 4.3
1 8 10 3.8
2 3 11 1.9
2 4 8 25.6
2 5 6 26.4
2 6 8 10.3
2 7 13 24.4
2 8 6 18.9
3 4 16 18.1
3 5 5 22.1
3 6 18 12.9
3 7 8 9.6
3 8 9 18.8
4 6 7 27.6
4 8 4 23.4
5 6 11 13.2
5 7 5 18.0
5 8 5 13.2
6 7 19 15.5
6 8 8 14.1
7 8 6 0.7


16 14 11 19 12 19 12 19 
16 16 5 13 11 15 13 8 
13 18 5 7 17 5 7 10 
19 14 5 9 8 9 5 18 
17 16 18 17 6 11 5 5 
5 7 7 13 11 14 9 14 
14 6 6 5 7 13 18 9 
8 6 20 8 15 8 8 16 
7 18 6 20 15 9 18 5 
17 19 14 16 12 17 5 8 
6 7 20 18 7 15 5 7 
7 15 18 18 12 17 9 20 
20 6 10 9 8 17 10 7 
7 19 20 13 5 11 6 20 
9 19 19 17 19 5 20 6 
9 12 20 14 9 7 7 9 
