16
5
5

1 2 10 18.4
1 3 3 1.0
1 4 20 16.3
1 6 8 26.4
1 7 10 26.5
1 8 11 12.7
1 9 15 2.9
1 10 5 14.9
1 11 13 6.8
1 13 6 18.7
1 14 5 5.7
1 16 7 19.8
2 3 4 9.3
2 4 15 21.0
2 6 13 15.9
2 8 9 17.9
2 9 4 11.2
2 10 14 23.3
2 11 14 8.4
2 12 8 24.8
2 13 5 2.0
2 14 16 25.1
2 15 18 4.9
2 16 18 13.9
3 4 16 26.5
3 5 18 16.1
3 6 12 25.3
3 7 15 25.9
3 8 11 28.3
3 9 17 12.0
3 10 9 21.6
3 11 11 3.6
3 12 20 18.9
3 13 15 15.9
3 14 17 18.5
3 15 11 3.3
4 5 10 0.9
4 6 20 8.3
4 7 5 23.1
4 8 12 5.1
4 10 3 18.0
4 11 11 17.9
4 12 10 17.9
4 13 5 10.5
4 14 5 2.4
4 15 15 13.7
4 16 4 2.2
5 6 9 29.5
5 7 14 26.5
5 8 9 26.5
5 9 5 19.8
5 10 5 8.3
5 11 3 6.9
5 12 20 7.7
5 13 20 14.8
5 14 13 16.3
5 15 12 4.5
5 16 12 24.4
6 7 12 26.8
6 9 8 27.8
6 10 18 6.4
6 11 5 17.2
6 12 9 22.6
6 13 15 27.9
6 14 3 29.0
6 16 3 29.3
7 8 10 15.3
7 9 20 25.7
7 10 18 11.7
7 11 8 9.6
7 12 11 21.2
7 13 19 8.0
7 14 19 17.5
7 16 13 0.1
8 9 10 7.0
8 10 8 21.3
8 11 7 1.9
8 12 6 14.7
8 13 5 4.0
8 14 4 12.3
8 15 14 6.6
8 16 6 2.8
9 11 10 3.3
9 12 5 7.1
9 13 8 10.4
9 16 4 12.6
10 11 10 29.2
10 12 4 24.0
10 13 20 24.0
10 15 13 29.7
10 16 11 7.6
11 12 11 21.3
11 14 6 10.4
11 15 14 11.3
12 13 19 6.7
12 14 18 12.8
12 15 4 7.5
12 16 12 27.4
13 14 11 19.0
13 15 3 22.5
13 16 4 27.7
14 15 4 17.2
14 16 3 1.5
15 16 5 18.9


12 6 11 19 14 16 20 14 13 13 14 17 14 16 11 15 
7 19 9 10 9 20 8 6 16 6 8 14 16 19 14 18 
15 17 13 5 8 12 13 11 15 14 17 7 13 11 20 19 
19 12 17 19 10 6 13 10 18 7 8 13 6 8 15 6 
14 19 12 10 17 20 15 12 12 7 12 12 18 16 14 6 
6 14 12 13 5 14 15 12 7 17 17 9 13 8 8 17 
6 8 20 14 14 20 6 19 19 8 7 15 7 6 10 11 
6 15 13 20 8 19 15 16 11 12 6 19 12 15 16 9 
14 10 17 6 20 17 5 19 18 16 19 12 10 6 20 18 
5 15 15 11 12 11 12 5 11 6 5 13 14 16 9 16 
16 13 19 17 12 17 15 20 6 18 14 6 20 18 5 9 
11 15 19 11 16 20 11 15 19 18 7 8 14 17 8 10 
10 12 7 16 6 19 6 17 18 12 14 10 17 14 14 18 
12 19 12 14 13 16 13 17 12 19 6 20 16 13 7 18 
16 11 9 10 14 16 18 8 13 11 8 17 17 11 10 12 
9 7 11 9 8 15 20 7 19 14 8 16 15 10 13 5 
5 17 6 16 17 17 16 20 9 20 13 15 20 8 20 7 
20 20 7 5 9 13 17 14 10 11 18 15 9 13 19 7 
18 7 6 5 5 20 19 5 15 20 8 6 10 16 14 12 
19 5 13 7 13 14 15 8 10 10 14 14 16 7 15 17 
11 11 16 8 20 7 13 5 9 10 20 8 12 12 18 5 
17 13 5 13 12 12 15 13 16 20 17 12 6 19 11 17 
17 17 14 10 16 12 13 12 11 7 9 19 18 12 14 16 
7 14 8 6 6 20 13 7 15 14 9 15 11 8 8 11 
5 10 13 13 6 14 12 15 17 8 20 13 19 15 7 5 
