50
10
10

1 2 12 4.4
1 3 12 29.4
1 4 5 4.9
1 5 15 13.4
1 6 13 26.5
1 7 8 1.9
1 8 4 5.6
1 9 19 15.5
1 10 7 12.9
1 11 15 28.3
1 12 16 15.6
1 13 18 7.1
1 15 13 26.7
1 16 10 9.8
1 17 17 11.8
1 18 20 24.9
1 19 20 5.5
1 20 16 24.6
1 21 8 1.0
1 22 8 25.1
1 24 20 1.0
1 26 20 26.3
1 27 9 1.7
1 28 10 9.8
1 30 15 19.9
1 31 7 23.1
1 32 4 26.1
1 34 12 22.7
1 35 3 13.2
1 36 20 28.2
1 39 15 11.1
1 40 10 16.3
1 41 17 18.0
1 43 18 3.7
1 44 20 6.9
1 46 16 20.6
1 47 12 22.6
1 48 19 3.7
1 50 16 13.8
2 3 9 12.1
2 4 20 26.4
2 5 20 19.0
2 6 19 6.8
2 7 17 12.7
2 8 19 8.9
2 9 12 16.6
2 10 13 4.8
2 11 9 2.4
2 12 20 27.3
2 13 5 16.5
2 14 15 24.7
2 16 8 23.4
2 17 12 26.3
2 19 9 16.0
2 20 20 20.9
2 21 20 27.2
2 22 16 16.7
2 24 18 26.8
2 25 16 27.4
2 27 3 17.2
2 28 6 0.6
2 29 6 28.6
2 30 17 12.8
2 31 15 25.8
2 34 11 14.7
2 35 11 17.9
2 36 9 7.9
2 37 10 12.5
2 38 7 7.3
2 39 14 3.6
2 40 4 22.1
2 41 18 3.2
2 42 3 19.7
2 43 15 3.9
2 44 3 3.0
2 45 15 18.0
2 46 14 21.0
2 47 17 5.3
2 48 13 26.0
2 49 13 0.1
3 4 10 26.2
3 5 7 5.1
3 7 8 12.0
3 8 5 20.6
3 9 17 11.4
3 10 18 21.4
3 11 16 22.6
3 12 17 20.1
3 13 15 28.7
3 14 17 5.7
3 15 6 12.5
3 16 10 1.4
3 17 3 19.2
3 18 10 5.2
3 20 6 23.9
3 21 3 15.9
3 23 13 19.3
3 25 18 1.5
3 26 3 12.5
3 27 6 23.9
3 28 6 18.4
3 30 6 27.4
3 31 3 6.8
3 34 13 0.0
3 35 6 24.8
3 36 8 7.9
3 37 10 5.8
3 38 14 20.6
3 39 20 7.3
3 40 10 25.3
3 41 15 10.4
3 43 10 12.0
3 44 10 11.4
3 45 10 18.2
3 46 10 3.0
3 47 8 0.5
3 49 15 4.6
4 5 19 21.8
4 6 13 10.5
4 7 17 8.2
4 8 9 26.3
4 9 6 9.1
4 10 16 26.6
4 11 4 0.4
4 12 3 14.1
4 13 19 21.5
4 14 4 15.9
4 15 13 12.6
4 16 17 7.5
4 17 17 15.3
4 18 18 1.7
4 19 19 13.9
4 20 5 28.9
4 22 10 3.8
4 24 6 9.7
4 25 5 21.9
4 26 9 7.1
4 27 6 9.7
4 28 17 20.9
4 29 13 8.6
4 30 7 20.3
4 31 4 1.7
4 32 10 8.5
4 33 20 23.2
4 34 16 22.4
4 35 16 11.8
4 36 7 8.7
4 37 9 4.3
4 38 5 24.9
4 39 4 24.6
4 40 4 19.9
4 42 14 9.8
4 43 10 10.5
4 45 15 10.1
4 46 14 27.6
4 49 5 29.4
4 50 15 27.9
5 6 18 0.6
5 7 7 29.5
5 8 17 27.0
5 9 18 9.6
5 10 14 8.7
5 11 19 1.0
5 12 6 24.7
5 13 4 18.6
5 14 17 27.1
5 15 8 0.2
5 16 20 22.1
5 17 13 23.5
5 18 13 26.1
5 19 7 10.3
5 20 4 12.3
5 21 11 24.2
5 22 12 2.8
5 24 9 19.8
5 25 6 15.5
5 27 4 1.3
5 28 11 14.6
5 29 9 26.4
5 30 10 27.2
5 31 6 28.4
5 32 9 8.7
5 33 6 12.5
5 34 15 7.2
5 36 5 16.7
5 37 10 29.9
5 38 8 7.4
5 40 10 6.7
5 41 10 29.9
5 43 13 2.4
5 44 19 13.9
5 45 4 19.6
5 47 10 19.6
5 48 16 19.2
5 49 19 18.2
5 50 15 25.8
6 7 15 15.7
6 8 10 20.6
6 9 20 29.3
6 10 9 29.9
6 11 17 19.0
6 12 11 24.9
6 13 12 21.5
6 14 12 11.5
6 15 15 29.5
6 17 4 12.4
6 18 20 15.6
6 20 11 2.9
6 22 5 12.0
6 24 12 13.3
6 25 7 8.6
6 26 13 12.5
6 28 14 8.7
6 29 9 24.2
6 30 13 6.9
6 31 14 29.4
6 32 6 0.3
6 33 11 14.1
6 35 12 21.0
6 36 12 14.6
6 38 5 18.2
6 39 10 16.0
6 41 17 3.8
6 42 19 3.3
6 43 4 12.3
6 44 4 24.3
6 45 19 18.7
6 46 14 14.7
6 47 14 28.5
6 48 13 17.7
6 49 15 4.7
6 50 6 5.1
7 8 7 4.9
7 9 7 7.9
7 10 10 3.1
7 11 9 26.2
7 12 7 10.8
7 15 7 16.6
7 16 18 7.0
7 17 3 9.7
7 18 17 24.1
7 19 9 14.8
7 20 3 18.5
7 21 8 13.1
7 22 8 22.8
7 23 7 29.9
7 24 5 26.6
7 25 5 7.5
7 26 19 6.7
7 27 17 28.5
7 29 19 13.1
7 30 8 20.4
7 33 20 12.1
7 34 8 1.0
7 36 4 4.1
7 37 7 26.0
7 38 9 11.5
7 39 12 10.0
7 41 19 11.7
7 42 7 0.8
7 44 15 18.2
7 45 20 21.8
7 48 5 9.8
7 49 15 28.8
7 50 16 5.2
8 9 13 13.8
8 10 17 9.7
8 11 15 17.9
8 12 3 3.8
8 13 11 16.0
8 15 20 1.6
8 16 20 8.1
8 19 16 5.2
8 20 8 10.5
8 21 8 9.4
8 22 20 2.6
8 23 13 24.9
8 24 13 1.1
8 25 18 2.0
8 26 7 13.0
8 27 20 3.9
8 28 19 18.7
8 29 9 19.4
8 30 16 28.7
8 31 10 0.3
8 32 17 16.9
8 33 3 29.7
8 34 17 10.8
8 35 4 23.4
8 36 8 10.8
8 37 10 21.0
8 38 3 2.4
8 39 16 24.5
8 40 9 26.6
8 41 4 21.8
8 42 19 23.0
8 44 20 29.3
8 45 18 26.9
8 47 16 28.2
8 48 19 13.4
8 49 20 11.1
8 50 17 17.6
9 11 7 20.3
9 13 8 14.7
9 14 4 17.8
9 16 8 26.9
9 17 16 18.0
9 18 8 16.4
9 20 15 14.4
9 21 6 7.5
9 22 15 25.7
9 23 16 3.1
9 24 18 25.3
9 25 7 3.8
9 26 12 0.3
9 27 10 23.5
9 28 13 4.3
9 29 16 12.9
9 30 7 29.8
9 31 17 18.1
9 32 20 19.5
9 33 14 1.9
9 36 8 10.3
9 37 12 18.3
9 38 3 5.1
9 39 9 28.6
9 42 5 17.2
9 43 15 9.2
9 44 9 3.9
9 45 12 9.5
9 47 13 21.5
9 49 19 26.9
9 50 3 10.8
10 11 14 4.1
10 12 18 7.5
10 13 20 18.2
10 14 10 22.1
10 15 10 18.1
10 16 17 24.6
10 17 16 12.1
10 18 5 15.3
10 19 5 1.9
10 20 11 22.7
10 21 19 6.6
10 22 10 29.2
10 23 18 16.5
10 24 19 16.3
10 25 17 10.8
10 27 16 20.4
10 28 18 26.0
10 29 14 8.2
10 30 11 23.8
10 31 13 6.6
10 32 8 25.5
10 34 19 29.4
10 35 17 12.1
10 36 4 24.1
10 37 18 29.8
10 38 9 1.6
10 40 10 29.0
10 41 14 15.4
10 43 11 9.3
10 44 5 27.0
10 45 20 21.0
10 46 3 25.6
10 47 18 6.6
10 48 7 29.9
10 50 19 19.1
11 12 13 5.8
11 14 20 11.3
11 15 16 9.4
11 16 18 20.8
11 18 17 24.1
11 19 19 8.6
11 20 11 7.3
11 21 14 19.8
11 22 15 25.5
11 23 15 17.1
11 24 19 8.0
11 25 8 23.7
11 26 10 5.1
11 27 15 24.5
11 28 13 29.8
11 29 11 8.2
11 30 10 9.0
11 31 17 29.1
11 32 13 13.5
11 33 6 21.0
11 35 19 6.5
11 36 8 0.8
11 37 10 2.7
11 39 13 7.2
11 40 9 14.4
11 41 9 8.0
11 42 7 28.8
11 44 7 7.6
11 45 7 12.8
11 46 14 5.8
11 47 20 4.5
11 49 10 9.7
11 50 8 3.0
12 13 3 6.0
12 14 7 12.6
12 15 3 26.6
12 17 6 0.4
12 18 15 22.8
12 19 20 14.5
12 20 6 10.1
12 22 9 19.2
12 23 3 23.7
12 24 8 8.2
12 26 12 22.1
12 27 18 15.9
12 28 5 7.9
12 29 15 0.8
12 30 11 8.4
12 31 8 27.6
12 32 13 11.1
12 33 3 20.6
12 34 16 23.7
12 35 6 11.0
12 36 5 12.9
12 37 4 21.3
12 38 19 27.4
12 39 5 1.9
12 40 16 18.8
12 41 6 23.8
12 43 7 14.4
12 44 18 28.4
12 45 15 2.4
12 46 5 15.5
12 47 11 23.9
12 48 15 14.5
12 49 7 29.2
12 50 17 14.9
13 14 14 0.2
13 15 19 27.2
13 16 19 20.4
13 17 15 6.0
13 18 17 0.1
13 19 10 1.8
13 20 18 18.5
13 21 19 9.8
13 22 18 13.0
13 23 14 14.1
13 24 7 12.4
13 25 16 1.9
13 26 12 18.3
13 27 4 8.5
13 28 16 10.4
13 29 11 11.5
13 30 4 11.1
13 31 11 23.9
13 32 18 15.4
13 34 7 18.9
13 35 12 11.8
13 36 5 8.8
13 37 19 18.3
13 39 10 16.6
13 40 12 17.6
13 41 16 19.5
13 42 8 8.2
13 43 9 25.0
13 44 4 14.8
13 45 10 2.7
13 46 9 17.0
13 47 14 21.0
13 48 4 19.0
13 49 19 9.0
13 50 8 10.9
14 15 19 7.9
14 17 3 25.5
14 18 13 10.1
14 19 4 13.7
14 20 13 12.1
14 22 20 0.9
14 23 15 21.1
14 24 14 22.4
14 25 9 16.9
14 27 12 25.6
14 28 4 15.1
14 29 10 27.2
14 30 20 5.4
14 31 6 2.9
14 32 7 3.0
14 33 7 10.5
14 34 12 12.6
14 35 9 8.4
14 36 5 0.5
14 37 12 21.7
14 38 7 5.8
14 39 10 21.1
14 41 3 17.5
14 42 12 13.3
14 43 9 22.9
14 45 20 3.8
14 46 9 16.9
14 47 10 10.2
14 48 9 3.5
14 49 17 10.3
14 50 5 17.3
15 16 9 25.9
15 17 11 7.1
15 18 7 15.8
15 19 18 28.1
15 20 20 19.0
15 21 6 10.8
15 22 16 27.5
15 23 20 22.7
15 24 18 24.5
15 25 16 18.5
15 26 18 1.1
15 27 20 11.9
15 28 19 10.2
15 29 16 6.7
15 30 11 18.3
15 31 12 8.6
15 34 20 15.7
15 35 14 5.7
15 38 8 24.0
15 39 11 0.9
15 40 13 22.3
15 41 17 5.8
15 42 19 29.6
15 44 16 6.2
15 46 4 17.4
15 48 16 21.1
15 49 3 13.9
15 50 5 12.6
16 17 20 8.4
16 18 19 5.0
16 19 4 26.5
16 20 20 22.7
16 21 3 6.2
16 22 4 22.1
16 23 9 4.1
16 24 17 20.2
16 25 9 20.4
16 26 20 8.0
16 28 5 2.5
16 29 9 11.4
16 30 8 7.8
16 31 20 11.6
16 33 19 22.6
16 35 4 13.7
16 36 4 0.6
16 37 19 15.4
16 39 18 16.0
16 41 6 21.0
16 42 3 11.5
16 43 10 5.4
16 44 13 17.8
16 45 19 1.7
16 46 12 22.8
16 47 19 12.7
16 48 15 8.4
16 49 20 20.6
16 50 4 8.6
17 18 3 8.5
17 19 6 5.1
17 20 13 16.6
17 22 8 15.6
17 25 9 22.5
17 27 11 8.6
17 28 9 28.8
17 29 20 20.3
17 30 20 28.2
17 31 5 24.9
17 32 8 15.7
17 33 12 7.8
17 34 6 10.5
17 35 18 11.5
17 36 8 25.1
17 37 17 15.9
17 38 12 8.5
17 39 16 13.5
17 40 5 8.2
17 41 17 20.0
17 42 5 7.4
17 43 4 15.0
17 46 16 22.4
17 47 15 8.5
17 48 14 24.4
17 49 6 29.6
17 50 14 20.5
18 19 8 19.9
18 20 12 15.9
18 22 19 29.3
18 23 14 15.8
18 24 9 10.0
18 25 10 7.2
18 26 15 4.1
18 27 19 24.9
18 28 14 13.7
18 29 3 27.8
18 30 11 11.6
18 31 20 27.1
18 32 17 14.6
18 33 17 26.2
18 35 18 9.2
18 36 17 11.0
18 37 4 20.0
18 38 8 10.1
18 39 20 21.0
18 40 11 19.1
18 41 5 8.3
18 43 19 10.5
18 44 15 10.7
18 45 19 25.0
18 46 16 8.7
18 47 8 0.7
18 49 7 14.9
18 50 9 6.6
19 20 16 20.8
19 21 16 15.3
19 22 3 17.4
19 23 6 4.5
19 24 3 14.1
19 25 10 4.9
19 26 17 2.6
19 27 7 10.6
19 28 5 12.2
19 29 12 10.7
19 30 15 3.9
19 31 19 17.1
19 32 16 7.4
19 33 8 17.1
19 34 10 7.5
19 36 12 19.0
19 37 10 5.2
19 38 19 11.1
19 39 19 14.5
19 40 11 3.3
19 41 4 13.4
19 43 19 1.9
19 44 20 0.3
19 45 16 25.0
19 46 12 28.3
19 47 15 22.3
20 22 4 24.6
20 23 3 23.1
20 24 8 17.3
20 26 10 16.4
20 27 7 6.2
20 28 19 19.2
20 29 9 5.1
20 30 18 10.7
20 31 20 28.8
20 32 19 12.7
20 33 5 7.8
20 34 4 17.9
20 35 11 10.0
20 37 10 19.8
20 38 5 2.9
20 39 17 18.8
20 40 20 13.1
20 41 12 0.8
20 42 17 13.4
20 43 18 19.7
20 44 14 7.9
20 45 9 16.1
20 47 5 0.1
20 48 19 20.2
20 49 20 3.6
20 50 9 14.1
21 22 8 7.9
21 23 20 1.0
21 25 14 28.6
21 26 15 12.4
21 27 11 13.8
21 29 8 19.7
21 30 19 26.5
21 31 10 24.1
21 34 13 27.7
21 35 9 7.8
21 36 4 8.4
21 37 14 12.3
21 38 10 11.5
21 39 5 18.3
21 40 18 15.0
21 41 6 1.5
21 42 9 17.0
21 43 17 17.7
21 44 14 2.2
21 45 8 22.2
21 46 16 7.2
21 47 3 4.0
21 48 6 27.2
21 49 4 23.5
21 50 14 10.3
22 23 7 9.2
22 24 6 20.3
22 25 3 10.7
22 26 19 22.9
22 27 15 21.0
22 28 20 23.4
22 29 4 26.6
22 30 11 9.9
22 31 17 24.1
22 33 15 15.1
22 34 13 10.6
22 35 7 3.0
22 36 8 17.8
22 37 4 0.2
22 38 15 3.6
22 39 5 3.6
22 40 5 1.7
22 41 3 5.7
22 42 3 9.2
22 43 10 29.9
22 44 5 23.3
22 45 4 14.1
22 46 10 12.9
22 48 3 0.7
22 49 13 27.8
22 50 10 3.0
23 24 15 23.5
23 26 17 14.0
23 27 3 23.6
23 29 18 10.3
23 30 9 7.7
23 31 8 7.2
23 32 9 16.1
23 33 6 14.7
23 34 16 9.0
23 35 19 23.0
23 36 15 1.0
23 37 5 1.5
23 38 3 28.7
23 39 16 17.7
23 40 8 25.4
23 41 5 24.4
23 42 9 21.6
23 43 4 17.5
23 44 10 17.6
23 45 5 29.7
23 46 9 1.1
23 48 20 16.3
23 49 6 6.5
23 50 6 28.1
24 25 20 24.4
24 26 3 10.2
24 27 4 29.1
24 28 5 15.2
24 29 3 11.0
24 30 20 13.1
24 31 3 4.6
24 33 3 17.2
24 34 6 27.1
24 35 9 12.0
24 36 7 26.5
24 38 7 17.5
24 39 5 20.6
24 41 17 6.8
24 42 10 28.1
24 43 12 18.6
24 44 6 12.3
24 45 5 26.8
24 46 15 6.3
24 47 3 14.9
24 48 15 22.4
24 49 13 22.0
24 50 13 2.1
25 26 3 12.2
25 27 13 29.3
25 28 17 17.1
25 29 12 12.2
25 30 7 13.2
25 32 8 10.9
25 33 17 7.0
25 34 8 8.9
25 35 5 24.4
25 37 3 15.2
25 38 15 26.8
25 39 19 0.3
25 40 3 15.5
25 41 16 8.4
25 42 18 19.3
25 43 11 12.1
25 45 17 0.3
25 46 12 25.7
25 47 16 19.1
25 48 19 23.0
25 49 3 4.6
25 50 5 6.6
26 27 11 2.7
26 28 4 5.0
26 29 9 9.2
26 30 20 29.1
26 31 7 8.8
26 32 13 6.0
26 34 5 9.9
26 35 16 23.8
26 36 4 5.8
26 37 9 25.2
26 38 15 5.7
26 39 9 27.7
26 40 14 26.0
26 41 4 20.3
26 42 12 7.7
26 44 3 14.2
26 46 18 16.1
26 47 3 15.1
26 50 5 0.0
27 28 12 24.9
27 29 19 22.7
27 30 20 10.4
27 31 16 26.1
27 32 11 5.0
27 33 11 3.8
27 34 19 12.8
27 35 8 1.8
27 36 3 16.5
27 37 8 22.6
27 38 19 14.6
27 39 17 17.1
27 40 19 6.3
27 41 11 18.5
27 42 15 0.5
27 43 19 23.1
27 44 4 6.0
27 45 20 25.0
27 46 20 23.8
27 47 5 6.4
27 48 8 22.2
27 49 16 1.6
27 50 5 29.5
28 29 7 13.0
28 31 4 19.8
28 32 5 23.3
28 33 4 27.0
28 35 14 26.7
28 36 15 13.6
28 37 3 25.8
28 39 13 29.8
28 40 6 26.0
28 41 6 0.3
28 42 6 27.0
28 43 5 12.8
28 44 8 17.9
28 45 6 6.2
28 46 7 8.1
28 47 6 10.6
28 48 16 14.8
28 49 8 9.1
28 50 18 8.6
29 31 14 8.5
29 32 12 1.6
29 33 6 27.6
29 34 5 10.8
29 35 8 16.8
29 36 11 23.7
29 37 16 10.7
29 39 3 22.7
29 41 4 25.7
29 42 12 27.5
29 43 3 13.2
29 44 7 26.9
29 45 7 5.9
29 46 16 19.9
29 47 18 13.6
29 48 19 3.3
29 49 3 2.7
30 31 14 7.1
30 32 4 19.4
30 33 14 29.1
30 34 8 13.7
30 35 12 29.7
30 36 10 17.7
30 37 12 4.4
30 38 12 4.3
30 39 13 24.3
30 40 15 22.7
30 41 14 23.1
30 42 10 14.7
30 43 17 15.0
30 44 9 24.6
30 45 14 22.1
30 46 4 28.8
30 47 13 3.0
30 48 5 9.3
30 49 9 19.9
30 50 17 17.3
31 32 7 27.3
31 35 20 18.4
31 36 13 23.9
31 37 9 5.2
31 38 5 11.5
31 39 20 9.5
31 41 10 8.3
31 42 17 13.4
31 43 3 15.9
31 44 14 28.0
31 45 16 9.8
31 46 14 15.3
31 47 7 29.5
31 48 10 29.6
31 49 14 0.3
31 50 16 6.5
32 33 7 2.4
32 34 11 15.5
32 35 10 12.1
32 37 5 20.9
32 39 12 0.1
32 40 17 18.3
32 41 18 20.6
32 42 17 4.0
32 43 13 0.5
32 45 15 12.7
32 46 11 12.3
32 48 5 25.7
32 49 8 11.3
33 34 3 7.5
33 35 10 7.8
33 36 6 14.8
33 37 9 10.7
33 38 7 22.3
33 39 17 9.1
33 40 14 1.2
33 41 15 27.8
33 42 15 21.8
33 43 12 25.3
33 44 16 20.3
33 46 12 13.6
33 47 18 1.4
33 48 7 27.1
33 49 4 25.7
33 50 5 6.5
34 35 9 0.8
34 36 9 23.7
34 38 12 27.0
34 39 4 1.0
34 40 5 29.9
34 41 16 20.8
34 42 19 9.3
34 43 4 17.6
34 44 14 17.9
34 45 5 22.9
34 47 17 26.4
34 48 11 22.2
34 49 17 16.0
34 50 9 16.5
35 36 16 25.0
35 37 3 27.4
35 38 18 15.7
35 39 5 17.8
35 40 3 5.3
35 41 15 23.1
35 42 18 13.6
35 44 15 17.9
35 45 8 20.5
35 46 4 11.1
35 47 20 29.8
35 48 10 10.2
35 49 16 22.7
36 37 9 21.3
36 38 8 24.3
36 39 8 13.9
36 40 4 15.2
36 41 13 0.8
36 42 10 19.4
36 43 8 12.9
36 44 5 3.9
36 45 4 2.8
36 46 15 16.2
36 47 19 19.1
36 48 10 7.5
36 50 16 1.9
37 39 20 16.4
37 40 4 12.6
37 41 18 29.5
37 42 9 30.0
37 43 9 3.1
37 44 5 11.3
37 46 7 22.3
37 47 9 14.8
37 48 8 8.8
37 49 11 28.0
37 50 8 28.7
38 39 18 15.7
38 40 20 20.2
38 41 20 8.8
38 43 3 26.4
38 45 4 18.8
38 46 19 26.4
38 47 19 6.3
38 48 3 2.7
38 49 8 23.3
38 50 6 8.5
39 40 13 4.3
39 42 18 7.0
39 43 4 21.2
39 44 20 15.5
39 45 7 11.3
39 46 12 14.1
39 47 6 19.4
39 48 6 26.0
39 49 20 8.6
40 41 16 1.9
40 42 19 15.3
40 43 17 19.7
40 44 13 22.3
40 45 5 8.0
40 47 12 28.1
40 48 19 16.7
40 49 15 4.2
41 42 4 3.2
41 44 11 19.3
41 45 15 7.4
41 46 20 21.8
41 48 12 13.4
41 49 8 13.3
41 50 17 9.6
42 43 12 4.7
42 44 4 26.1
42 45 17 28.4
42 46 12 16.7
42 48 18 14.7
42 49 7 16.5
42 50 11 5.2
43 44 4 12.8
43 45 16 27.8
43 46 8 26.4
43 47 7 5.0
43 48 6 27.8
43 49 18 4.6
44 45 6 23.9
44 46 4 5.1
44 47 8 8.0
44 48 14 20.6
44 49 19 3.6
44 50 11 15.9
45 46 16 7.7
45 47 18 0.8
45 48 10 2.0
45 50 14 9.8
46 47 3 6.0
46 49 8 24.8
46 50 19 26.5
47 48 20 13.6
47 50 13 0.4
48 49 10 3.6
48 50 3 28.2
49 50 7 22.6


15 9 13 5 15 19 12 10 19 5 19 16 18 18 6 16 13 13 10 7 10 15 13 14 17 7 12 17 9 18 15 10 13 18 8 5 14 13 8 19 19 12 16 13 9 5 9 15 7 8 
19 14 15 6 8 17 15 6 15 13 20 5 16 11 15 6 17 5 15 13 13 16 9 8 17 20 7 11 6 19 17 16 17 14 10 7 19 19 17 10 12 15 9 7 9 10 7 8 13 5 
11 16 19 14 12 18 10 11 7 15 5 8 20 20 20 6 8 11 13 12 15 13 17 16 14 7 15 19 20 16 8 18 7 16 5 15 5 19 7 6 9 15 8 20 5 12 15 11 5 15 
8 15 11 17 19 17 16 11 15 6 11 12 11 9 8 16 19 17 5 13 14 8 11 17 9 12 17 12 18 15 6 20 14 8 6 6 5 10 13 18 15 14 8 9 15 10 13 6 12 20 
11 5 9 13 16 10 12 15 17 16 7 19 11 13 20 20 18 11 18 12 11 16 8 7 8 9 5 13 20 17 8 16 5 17 10 10 17 11 8 14 8 7 11 5 11 5 5 8 8 14 
8 14 13 10 20 7 18 17 13 5 9 20 16 8 15 6 13 17 11 6 14 15 7 18 12 9 9 15 13 12 10 14 5 13 19 12 10 17 7 6 12 12 16 16 13 8 7 11 12 20 
19 9 18 13 13 18 17 13 5 10 11 15 7 14 11 5 7 11 12 10 18 14 8 7 17 15 10 5 11 12 13 18 20 11 8 20 15 19 15 15 11 5 14 16 15 5 7 17 12 11 
9 7 20 11 7 13 5 13 11 17 7 12 14 6 12 17 7 16 18 13 5 10 20 7 17 10 9 13 11 19 10 6 9 7 18 15 15 15 13 9 6 18 10 14 12 15 9 9 16 20 
9 18 19 18 17 9 20 18 18 17 12 18 19 5 16 12 14 20 18 20 10 9 10 10 13 9 19 15 17 7 7 5 14 14 11 5 7 13 17 17 19 17 12 10 7 13 8 6 17 12 
16 6 12 13 18 19 10 10 6 15 8 18 11 12 7 6 17 17 12 18 15 7 5 7 10 16 17 7 17 7 16 6 11 18 13 20 10 14 8 11 20 10 19 16 5 12 15 11 7 13 
20 20 20 18 15 18 18 17 7 6 13 6 12 9 11 20 18 20 9 5 18 16 14 8 13 5 11 8 10 20 18 9 11 16 17 5 8 6 16 19 9 16 7 10 18 16 16 18 9 15 
9 20 17 18 16 17 11 7 7 18 5 13 18 20 12 6 13 8 9 20 7 17 10 12 6 5 18 6 19 11 12 10 5 16 10 15 17 15 12 17 6 5 11 7 17 5 6 11 8 20 
10 12 9 14 13 20 15 18 6 11 5 14 16 15 5 15 9 10 16 6 9 12 14 9 11 9 19 15 7 15 5 17 5 11 15 5 11 7 14 8 11 19 5 15 9 18 9 11 20 18 
19 19 7 10 16 15 18 8 10 8 5 15 9 5 9 6 6 14 5 18 6 12 7 11 18 15 20 11 11 17 19 15 7 10 9 8 16 9 20 18 14 19 9 15 15 9 14 6 17 19 
15 5 20 5 8 11 11 7 20 7 17 15 9 6 20 18 7 11 12 16 19 20 16 14 18 11 19 17 19 11 6 19 14 17 14 20 7 16 7 6 15 13 17 5 5 14 17 7 13 14 
14 5 9 7 13 16 19 5 18 18 12 10 6 7 15 14 15 12 17 12 19 6 15 17 10 13 18 13 17 14 19 12 6 19 11 13 16 5 10 17 5 5 9 10 17 8 11 16 18 13 
19 19 14 19 19 10 20 19 10 17 10 7 16 15 14 8 9 17 14 9 9 8 13 14 6 7 13 13 13 6 7 11 16 17 15 14 20 13 9 8 8 12 14 19 10 9 14 8 7 5 
13 5 13 13 6 11 17 14 11 13 11 6 17 17 14 14 14 14 8 17 16 16 7 5 16 17 14 5 10 19 18 15 7 15 6 13 12 15 11 5 12 12 5 14 9 18 19 9 9 6 
16 16 14 11 15 13 15 18 10 13 5 8 17 9 5 16 15 15 19 7 15 11 16 9 15 10 19 11 15 17 8 15 17 16 7 6 18 20 17 19 14 12 5 14 17 18 8 16 15 20 
11 5 10 10 12 5 6 8 17 18 14 10 9 5 18 8 20 7 13 11 17 19 10 19 6 5 19 19 14 5 19 18 14 12 6 11 16 13 12 18 5 9 7 5 9 19 7 20 7 12 
10 15 18 9 9 6 7 17 19 15 13 16 5 19 15 7 13 13 14 20 14 14 19 5 15 6 14 17 5 13 9 15 14 5 19 20 7 6 20 11 17 19 18 20 9 16 19 18 18 5 
19 15 14 16 13 18 7 15 14 13 8 20 19 15 6 13 12 6 11 17 17 6 11 17 9 14 5 15 18 16 10 12 9 9 17 14 13 20 17 14 17 13 6 12 18 11 8 13 10 17 
17 10 20 10 8 6 10 20 15 8 10 10 19 13 13 17 10 8 18 6 6 9 18 12 10 12 15 14 18 6 9 16 11 10 5 9 11 14 8 18 19 19 14 9 17 13 14 15 6 16 
9 8 10 9 9 6 15 9 8 14 5 18 5 9 9 15 15 16 9 20 9 13 7 19 8 6 10 20 8 9 13 15 11 15 7 6 5 13 19 14 13 15 11 9 14 15 17 8 9 5 
9 10 15 14 17 19 19 6 13 5 17 10 8 9 7 8 18 16 16 9 6 5 9 15 15 14 8 11 9 18 17 18 11 16 6 20 15 9 16 12 18 10 13 8 7 8 10 16 5 16 
9 18 13 12 7 9 11 20 13 6 19 12 19 9 17 5 8 17 16 19 14 13 17 19 19 18 15 11 5 8 5 11 19 9 18 7 9 11 8 17 8 19 9 8 16 20 19 16 18 18 
19 8 15 8 12 17 16 8 16 19 18 20 7 18 17 17 12 11 6 12 7 9 11 19 8 15 11 8 5 17 10 16 14 9 18 19 14 18 13 18 5 18 6 7 16 8 16 18 8 16 
14 13 20 7 8 15 16 10 20 5 10 15 5 7 8 18 19 5 8 14 20 20 14 20 10 8 14 13 9 18 18 15 16 9 6 7 15 10 14 17 16 16 5 8 12 19 13 5 17 17 
13 5 20 8 19 12 6 6 10 13 11 5 16 10 15 7 14 11 15 7 19 7 6 17 19 8 14 6 9 18 15 12 10 8 8 17 11 18 13 6 5 20 14 20 12 20 14 8 6 7 
16 7 7 11 10 12 6 7 15 17 10 9 19 16 11 7 5 20 11 14 13 19 7 6 5 5 15 12 19 11 18 16 20 12 11 13 13 12 20 18 9 16 18 9 7 6 16 13 12 17 
8 9 16 12 11 9 14 17 5 7 12 19 10 9 6 5 14 18 10 10 5 11 18 5 7 18 5 12 18 19 13 18 14 17 10 6 16 16 11 10 5 10 10 9 19 15 11 15 14 20 
17 16 19 5 14 20 13 6 14 8 12 6 7 17 9 12 13 5 19 12 20 14 18 8 6 7 5 8 18 17 19 6 6 20 13 17 9 6 12 11 19 7 8 7 20 16 8 15 8 12 
20 14 7 15 7 6 8 13 15 12 8 8 19 9 9 19 6 15 10 10 18 13 15 18 14 10 8 15 9 20 7 17 19 12 14 11 20 15 17 11 7 12 18 15 12 12 7 16 8 15 
6 14 17 14 15 11 9 20 20 16 16 15 6 13 18 8 18 8 12 9 10 19 5 16 11 14 10 18 18 13 5 13 18 14 8 10 6 10 9 9 12 6 6 18 6 9 17 12 19 13 
11 11 6 16 16 16 16 9 5 10 19 16 9 7 7 6 11 9 8 7 12 16 11 7 7 19 10 7 18 17 16 12 11 18 7 19 18 15 12 19 20 5 18 15 12 14 17 15 17 5 
11 11 15 15 19 14 14 19 17 17 6 8 6 18 11 12 6 5 20 7 19 8 6 15 6 5 16 5 7 9 10 16 14 13 14 5 10 13 6 9 14 5 5 11 7 9 9 9 14 13 
17 10 17 15 13 18 11 14 17 13 20 6 9 11 12 8 10 8 5 5 17 5 19 8 14 13 16 10 17 13 17 10 19 19 13 13 7 14 16 19 12 17 7 5 7 18 17 8 7 15 
11 19 12 11 8 10 12 7 20 12 17 18 8 15 9 6 11 6 6 13 8 5 20 16 20 20 12 20 18 9 20 6 6 5 9 10 6 16 20 10 17 15 6 16 19 5 6 10 19 20 
7 7 6 14 11 9 8 8 19 15 14 15 7 15 19 7 15 19 9 14 12 18 5 16 13 11 17 11 10 15 11 7 5 8 19 20 12 7 13 20 17 20 19 8 6 11 7 17 10 12 
8 16 8 17 8 14 10 16 6 7 8 10 11 8 15 20 11 17 17 20 8 10 17 17 20 14 14 10 10 14 13 12 15 5 8 19 14 5 9 5 17 16 13 14 8 11 13 18 15 12 
18 12 9 16 20 11 8 8 5 20 17 14 11 15 20 16 6 12 16 10 19 15 19 11 9 19 5 7 20 16 9 18 17 19 15 15 6 19 14 9 20 5 5 6 13 19 11 13 14 6 
11 10 8 6 6 9 9 19 7 13 7 19 19 7 18 5 16 19 11 8 6 18 15 17 10 7 5 6 10 9 13 11 19 7 17 7 17 13 12 10 10 11 9 20 15 13 8 6 19 10 
12 6 18 9 19 5 14 14 15 10 5 9 19 17 10 16 14 5 11 5 17 20 16 17 14 9 16 16 12 11 7 13 8 16 16 16 16 15 19 12 10 20 6 8 7 17 6 12 14 10 
16 18 19 20 19 5 5 18 12 12 10 20 16 20 13 5 18 9 18 18 13 12 18 10 8 5 7 14 19 17 16 11 20 17 10 13 8 9 16 10 11 16 10 12 5 16 14 7 8 9 
5 8 6 5 15 17 11 9 9 16 8 14 8 19 14 19 20 20 12 6 6 11 13 19 19 18 7 11 19 13 12 9 14 7 19 16 18 12 20 18 6 19 16 9 18 20 15 14 7 20 
18 19 15 9 16 9 14 9 13 16 16 11 7 5 6 19 14 15 5 8 6 7 6 7 6 9 5 16 20 8 14 11 7 8 8 19 12 17 7 8 18 12 20 7 20 11 12 10 7 18 
7 18 11 11 13 11 5 15 9 14 10 13 17 13 9 12 19 19 19 20 17 5 20 12 13 6 17 16 13 16 15 14 6 11 11 15 11 13 14 11 18 13 18 10 18 8 6 6 7 17 
20 8 17 5 6 7 19 13 5 19 20 12 11 14 8 16 20 7 15 15 15 20 11 9 12 6 10 17 9 16 15 18 13 11 14 14 13 16 11 6 10 17 19 10 5 5 18 20 17 20 
12 13 15 20 19 5 14 16 7 5 13 5 12 8 12 15 5 18 5 15 13 14 19 7 8 7 18 16 19 7 11 15 14 9 17 11 20 8 17 18 12 15 17 8 17 19 20 19 13 5 
5 6 17 13 16 8 5 6 15 5 20 20 11 19 14 18 12 5 12 10 19 19 15 8 8 13 11 17 11 9 10 19 10 12 8 13 8 9 13 13 12 19 16 19 17 12 8 6 9 11 
12 20 19 14 14 6 11 20 8 7 10 14 11 11 9 19 15 6 6 5 19 10 11 14 7 5 15 12 8 8 16 16 13 13 11 13 16 9 17 6 12 11 19 11 20 11 8 18 12 11 
13 8 9 8 14 18 18 15 20 20 15 17 10 17 5 10 10 7 20 11 11 17 11 14 15 5 11 20 14 19 19 17 13 18 5 16 6 5 7 12 5 18 12 7 8 5 8 12 12 10 
12 10 14 20 16 10 14 11 10 11 16 10 15 18 6 7 20 20 9 9 18 17 10 10 9 9 20 5 15 13 6 12 16 20 13 19 20 12 10 6 18 11 17 13 12 9 7 6 18 10 
15 6 14 6 8 11 16 18 18 8 10 20 9 7 16 9 10 5 14 12 7 16 13 9 11 8 14 5 14 5 18 10 6 14 15 17 16 17 15 19 14 16 16 16 19 20 10 6 17 15 
7 12 20 7 15 8 15 14 12 15 12 18 16 11 14 15 19 20 16 13 5 6 18 19 15 12 20 6 11 5 14 14 5 14 10 5 20 7 13 18 15 5 12 12 17 20 9 19 5 10 
16 12 13 8 6 12 18 15 12 7 7 20 20 11 17 13 17 20 5 10 12 7 10 19 6 6 8 14 9 16 9 17 9 15 7 20 12 10 7 12 12 6 19 19 17 12 17 19 15 6 
6 11 17 14 12 5 7 19 14 13 8 20 10 12 18 17 12 14 20 15 9 16 13 20 9 12 9 6 6 6 20 14 17 18 18 19 5 7 16 18 10 8 14 5 5 19 11 17 8 14 
19 15 19 20 7 5 19 7 6 16 7 7 12 20 16 15 6 9 19 18 19 14 7 7 16 20 15 13 14 8 18 17 14 11 13 10 20 10 20 5 17 12 15 10 19 8 10 9 5 14 
18 14 10 7 6 20 13 6 9 8 10 19 13 7 7 6 18 20 19 11 19 12 12 7 6 15 9 12 8 5 17 10 5 16 8 16 8 9 7 10 17 19 16 8 12 19 14 9 15 16 
11 8 9 16 15 8 5 13 7 13 18 14 9 18 7 9 15 8 18 10 12 17 16 15 8 16 10 9 7 5 19 19 11 16 15 7 8 19 19 11 9 14 15 5 18 13 19 6 20 19 
6 11 10 18 20 16 15 15 10 16 7 17 6 20 14 19 8 20 8 8 11 17 18 11 11 17 8 18 15 20 7 8 10 17 10 14 11 13 11 15 5 18 10 16 20 13 15 11 18 15 
13 10 15 6 5 18 15 14 11 13 7 6 15 7 13 5 11 8 15 13 14 8 7 5 20 16 13 9 5 18 14 5 19 5 15 17 13 9 15 11 13 8 16 8 6 19 18 19 6 16 
7 18 16 17 17 5 14 19 13 13 9 20 14 20 5 8 13 15 10 15 10 18 13 15 9 6 5 19 17 17 12 6 7 8 6 18 7 14 13 8 17 14 7 12 15 9 14 20 14 16 
20 19 15 20 7 13 15 17 11 5 13 7 10 16 7 17 5 18 18 8 14 20 5 7 8 14 15 16 13 15 5 8 16 9 16 18 6 14 16 14 8 19 20 13 16 17 8 6 14 5 
5 6 18 11 8 10 7 17 10 10 16 14 17 10 7 14 12 11 10 20 9 14 10 9 5 15 19 11 18 20 11 8 7 9 18 13 18 6 14 14 9 5 9 18 19 20 5 16 6 15 
17 18 14 9 17 7 9 5 11 5 18 8 18 5 8 5 17 16 19 19 17 20 17 10 5 16 12 11 18 5 11 7 5 16 19 11 8 19 16 19 20 19 20 11 15 18 14 16 12 13 
17 5 19 16 14 17 9 8 15 19 17 10 9 16 16 18 19 9 16 14 6 8 10 9 11 6 13 15 6 10 20 19 5 18 8 11 7 8 17 6 11 14 8 16 14 12 8 11 17 5 
14 6 11 20 18 5 16 6 12 18 5 18 17 8 19 15 19 16 12 18 6 5 10 12 8 13 15 18 19 12 11 12 9 12 20 12 12 5 8 19 11 6 10 7 8 15 20 19 5 19 
8 20 10 8 20 17 19 16 19 18 10 7 17 15 11 20 20 5 9 6 18 11 14 10 20 14 15 18 11 6 18 16 18 15 16 19 14 10 20 8 9 18 17 8 17 14 20 13 12 14 
20 10 9 14 16 6 10 6 10 12 7 5 12 9 8 13 5 18 8 11 16 13 9 17 20 6 5 11 6 7 6 8 8 14 11 16 20 17 6 18 10 17 17 10 20 18 15 9 14 20 
10 8 5 19 15 17 16 14 7 18 16 15 14 18 17 16 11 20 14 10 7 10 9 20 19 20 20 18 7 7 15 17 6 8 5 8 9 19 10 5 15 18 6 5 10 11 11 12 12 13 
13 13 17 9 13 14 8 13 8 13 6 18 8 8 11 9 17 10 6 17 9 13 5 14 11 9 10 19 12 5 16 11 5 15 12 14 14 12 5 16 16 11 5 20 19 18 12 19 18 15 
13 6 10 8 18 15 16 7 20 11 14 17 15 5 13 20 5 5 6 14 5 11 10 16 10 10 15 14 8 10 8 9 18 11 15 13 19 10 10 16 18 5 18 17 13 11 14 10 17 6 
12 17 15 5 5 12 8 10 12 5 10 11 9 19 12 7 9 18 14 15 14 9 18 5 10 14 19 12 11 15 17 11 12 15 16 15 17 5 6 5 7 18 13 7 20 13 18 10 8 16 
13 9 5 7 17 13 11 6 15 7 14 7 12 10 8 6 7 18 16 5 17 8 19 18 10 10 7 11 9 18 9 18 8 10 10 14 12 5 11 13 6 8 17 15 17 5 5 11 8 14 
18 16 19 13 13 15 18 7 16 8 8 17 13 5 20 19 18 12 13 5 17 17 14 10 12 13 12 7 15 15 16 9 17 9 9 9 17 10 10 15 5 7 11 8 17 15 18 8 12 16 
6 12 12 16 19 7 5 14 8 13 15 12 15 17 18 16 9 9 7 14 17 6 11 15 17 13 5 12 17 20 18 5 17 16 17 8 10 14 20 12 12 20 17 20 8 5 7 16 17 15 
10 15 5 18 6 20 11 7 10 19 17 8 7 19 17 17 8 8 15 6 13 15 7 10 17 19 7 16 13 8 16 9 15 8 12 17 14 8 15 10 6 15 20 18 7 15 15 13 11 11 
18 9 9 13 15 12 18 20 18 16 6 6 18 10 19 14 5 8 7 11 19 6 19 19 9 5 12 14 16 10 6 19 18 10 17 11 13 13 8 7 14 14 8 18 6 19 11 9 17 9 
13 8 5 18 6 13 14 5 7 5 17 16 10 15 6 18 11 6 6 6 14 8 11 17 10 9 18 8 15 14 14 10 7 7 18 12 8 17 15 7 7 15 15 15 7 18 14 19 15 8 
5 5 16 8 7 5 17 18 8 16 9 10 10 6 6 12 11 11 14 15 15 10 16 16 14 19 20 18 10 15 19 15 20 12 9 16 20 8 11 7 8 11 10 19 12 13 13 17 17 6 
14 17 9 9 12 10 12 12 9 7 9 10 9 5 12 19 15 7 9 17 16 18 19 8 13 9 11 8 10 7 5 11 9 7 14 16 16 13 10 12 9 15 19 9 12 11 10 11 19 20 
5 14 17 15 6 16 6 14 18 8 8 5 18 5 10 7 13 12 18 14 7 19 15 13 18 9 19 13 6 12 10 13 20 10 5 16 10 15 12 18 16 11 13 14 13 16 16 8 12 13 
7 17 7 12 9 14 12 9 13 6 13 18 16 13 15 18 13 19 13 18 12 7 8 14 11 14 8 19 16 15 11 15 12 20 6 12 16 20 15 14 15 7 8 13 8 13 17 15 5 8 
11 19 14 8 10 9 11 19 13 10 15 14 6 10 20 19 9 9 17 11 19 12 12 10 11 12 16 16 10 12 11 6 20 14 12 20 16 12 10 11 8 13 20 7 17 18 19 15 14 17 
9 5 9 13 8 19 6 9 12 15 18 15 17 14 12 17 12 5 20 16 14 10 14 19 18 18 6 17 11 9 5 16 18 5 8 20 6 20 10 19 9 16 5 6 18 11 14 16 20 5 
6 7 17 7 13 16 20 14 9 13 13 19 6 20 19 20 15 16 6 7 17 18 6 17 10 8 18 11 15 5 16 20 11 13 17 7 19 9 15 12 15 15 8 13 7 19 14 18 20 17 
13 18 9 20 20 19 5 14 11 5 19 17 5 16 9 20 7 14 12 11 19 8 13 20 15 5 11 18 11 16 16 8 19 7 18 11 17 10 19 18 7 15 7 11 13 13 17 16 19 12 
11 20 6 13 10 20 14 12 19 16 14 6 5 6 12 8 6 10 8 10 13 20 8 11 20 12 20 12 20 13 7 10 16 11 19 6 11 14 17 16 11 19 8 19 9 11 5 13 10 15 
19 14 9 19 5 8 16 6 16 8 11 9 7 9 15 5 14 8 11 12 17 8 11 19 6 5 16 9 20 7 13 14 12 12 7 9 16 20 13 15 15 20 10 12 7 6 13 15 18 14 
5 16 7 6 5 6 8 11 9 7 15 6 16 19 12 11 11 19 13 7 8 7 10 10 13 7 16 10 15 11 17 8 8 7 20 20 19 12 8 11 16 19 18 20 7 6 8 9 16 8 
14 7 14 12 19 5 10 7 6 19 11 13 6 14 11 14 5 5 12 18 16 13 8 15 5 16 11 13 19 16 20 17 12 12 13 8 12 7 13 11 5 10 6 14 8 14 10 16 17 6 
11 7 6 13 7 16 5 7 18 18 8 12 13 8 19 9 20 15 14 13 17 8 6 10 6 11 20 14 14 12 12 11 19 11 15 5 7 6 7 8 12 7 13 15 18 17 20 8 7 19 
19 11 7 7 5 17 18 19 10 12 15 15 20 14 19 19 20 9 20 6 18 6 19 15 14 12 13 13 16 14 8 11 15 13 7 18 18 10 7 18 10 9 18 17 9 19 7 18 18 12 
7 6 7 16 12 13 19 8 7 12 8 8 9 7 7 10 20 18 16 14 8 8 5 18 16 17 9 17 13 6 19 8 9 9 19 7 16 17 16 17 16 17 10 19 13 18 20 17 11 14 
13 14 7 13 12 18 14 7 7 15 8 12 16 15 9 17 10 6 16 16 6 16 6 19 19 14 18 7 8 5 16 9 16 13 10 19 18 13 6 6 15 16 20 20 11 7 11 19 14 15 
20 8 10 9 19 17 20 7 17 10 13 9 16 10 15 18 5 20 7 7 15 10 20 15 19 7 6 20 16 5 6 6 9 18 6 14 19 20 19 5 11 9 11 19 9 14 17 16 19 5 
18 5 16 16 7 18 7 19 8 15 15 7 9 8 19 13 20 8 15 17 11 18 7 8 10 8 10 20 14 14 14 11 13 17 12 6 19 5 15 16 6 17 19 14 12 17 9 20 20 13 
19 8 12 19 15 11 18 11 12 12 10 18 19 10 20 9 19 7 20 19 13 5 17 10 18 11 14 11 16 10 20 18 17 9 18 11 17 18 20 5 8 11 18 11 6 19 7 14 17 9 
20 12 8 7 16 19 17 9 20 5 10 15 5 5 14 15 8 15 13 13 16 10 14 9 6 15 5 11 6 9 8 16 16 16 10 13 10 20 12 6 18 5 8 7 9 9 16 15 20 10 
